/**:
  ros__parameters:
    modified_dh:
      dof: 3
      a: [0.0, 0.1, 0.1]
      d: [0.0, 0.0, 0.0]
      alfa: [0.0, -1.570796, 0.0]
      q0: [0.0, 0.0, 0.0]
      eef_trans: [0.1, 0.0, 0.0]
      q_max: [+3.141592, +3.141592, +3.141592]
      q_min: [-3.141592, -3.141592, -3.141592]