/**:
  ros__parameters:
    modified_dh:
      dof: 3
      a: [0.0, 0.1, 0.1]
      d: [0.0, 0.0, 0.0]
      alfa: [0.0, -1.570796, 0.0]
      q0: [0.0, -1.0471973333333333, 2.0943946666666666]
      eef_trans: [0.1, 0.0, 0.0]